-23.709021,1.544714,-0.235519,1.942076,-0.552460
1.000000
0.937619
0.875229
0.812822
0.750388
0.687919
0.625406
0.562840
0.500212
0.437514
0.374737
0.311871
0.248909
0.185841
0.122658
0.059353
-0.004085
-0.067663
-0.131390
-0.195276
-0.259329
-0.323557
-0.387969
-0.452574
-0.517381
-0.582399
-0.647635
-0.713098
-0.778798
-0.844743
-0.910941
-0.977400
-1.044131
-1.111140
-1.178436
-1.246029
-1.313926
-1.382136
-1.450668
-1.519529
-1.588728
-1.658274
-1.728174
-1.798438
-1.869073
-1.940088
-2.011491
-2.083290
-2.155493
-2.228109
-2.301145
-2.374610
-2.448512
-2.522859
-2.597658
-2.672919
-2.748648
-2.824853
-2.901543
-2.978726
-3.056409
-3.134599
-3.213306
-3.292535
-3.372296
-3.452595
-3.533440
-3.614839
-3.696800
-3.779329
-3.862434
-3.946122
-4.030401
-4.115278
-4.200761
-4.286856
-4.373570
-4.460911
-4.548886
-4.637502
-4.726765
-4.816682
-4.907261
-4.998508
-5.090430
-5.183034
-5.276325
-5.370312
-5.464999
-5.560394
-5.656504
-5.753333
-5.850890
-5.949179
-6.048207
-6.147980
-6.248505
-6.349786
-6.451830
-6.554644
-6.658231
-6.762599
-6.867753
-6.973698
-7.080440
-7.187985
-7.296337
-7.405501
-7.515484
-7.626290
-7.737924
-7.850392
-7.963697
-8.077845
-8.192841
-8.308689
-8.425393
-8.542959
-8.661390
-8.780691
-8.900866
-9.021919
-9.143855
-9.266676
-9.390388
-9.514993
-9.640496
-9.766899
-9.894207
-10.022423
-10.151550
-10.281591
-10.412550
-10.544428
-10.677230
-10.810958
-10.945615
-11.081203
-11.217724
-11.355181
-11.493577
-11.632913
-11.773191
-11.914413
-12.056582
-12.199698
-12.343764
-12.488780
-12.634748
-12.781669
-12.929544
-13.078375
-13.228162
-13.378905
-13.530606
-13.683264
-13.836881
-13.991455
-14.146988
-14.303479
-14.460928
-14.619335
-14.778699
-14.939019
-15.100295
-15.262525
-15.425709
-15.589846
-15.754934
-15.920971
-16.087957
-16.255888
-16.424764
-16.594581
-16.765339
-16.937034
-17.109664
-17.283226
-17.457717
-17.633134
-17.809474
-17.986733
-18.164909
-18.343996
-18.523992
-18.704892
-18.886692
-19.069388
-19.252974
-19.437447
-19.622800
-19.809030
-19.996131
-20.184097
-20.372922
-20.562601
-20.753127
-20.944495
-21.136698
-21.329728
-21.523580
-21.718247
